magic
tech sky130A
timestamp 1675872695
<< nwell >>
rect -69 390 151 590
<< nmos >>
rect 0 169 15 211
rect 68 169 83 211
<< pmos >>
rect 0 408 15 492
rect 68 408 83 492
<< ndiff >>
rect -48 196 0 211
rect -48 179 -34 196
rect -17 179 0 196
rect -48 169 0 179
rect 15 169 68 211
rect 83 196 132 211
rect 83 179 99 196
rect 116 179 132 196
rect 83 169 132 179
<< pdiff >>
rect -49 463 0 492
rect -49 429 -35 463
rect -18 429 0 463
rect -49 408 0 429
rect 15 464 68 492
rect 15 430 35 464
rect 52 430 68 464
rect 15 408 68 430
rect 83 463 131 492
rect 83 429 99 463
rect 116 429 131 463
rect 83 408 131 429
<< ndiffc >>
rect -34 179 -17 196
rect 99 179 116 196
<< pdiffc >>
rect -35 429 -18 463
rect 35 430 52 464
rect 99 429 116 463
<< poly >>
rect 0 492 15 510
rect 68 492 83 510
rect 0 359 15 408
rect -39 347 15 359
rect -39 330 -27 347
rect -10 330 15 347
rect -39 317 15 330
rect 0 211 15 317
rect 68 360 83 408
rect 68 348 122 360
rect 68 331 93 348
rect 110 331 122 348
rect 68 318 122 331
rect 68 211 83 318
rect 0 150 15 169
rect 68 150 83 169
<< polycont >>
rect -27 330 -10 347
rect 93 331 110 348
<< locali >>
rect -69 540 151 574
rect -35 463 -18 540
rect -35 408 -18 429
rect 35 464 52 492
rect -42 330 -27 347
rect -10 330 -2 347
rect 35 304 52 430
rect 99 463 116 540
rect 99 408 116 429
rect 85 331 93 348
rect 110 331 125 348
rect 35 287 116 304
rect -34 196 -17 220
rect -34 132 -17 179
rect 99 196 116 287
rect 99 160 116 179
rect -69 87 151 132
<< end >>